
====================================================================================================
  良好哈希（随机 uint32_t, std::hash）
====================================================================================================
         N         F-插入(us)        F-查询(us)        F-删除(us)     F-内存(MB)         U-插入(us)        U-查询(us)        U-删除(us)     U-内存(MB)
--------------------------------------------------------------------------------------------------------------------
     50000          33100.4         11848.0         24926.8          2.2           2146.4           578.6          1470.0          1.2
    100000          70969.0         27666.8         51061.8          4.2           4931.6          1326.8          3632.4          2.8
    200000         218871.2         86769.2        168733.8          8.4          23401.2          4352.2         19349.0          6.0
    500000        2529545.8        655852.2       1106853.8         39.0         157815.2         29269.6        141744.2         15.0
   1000000        7467888.2       1594878.4       2644042.6         97.4         424641.2         64705.8        375880.2         30.6

每元素耗时（us（每次操作））:
         N          F-插入         F-查询         F-删除          U-插入         U-查询         U-删除
--------------------------------------------------------------------------------
     50000        0.6620       0.2370       0.4985        0.0429       0.0116       0.0294
    100000        0.7097       0.2767       0.5106        0.0493       0.0133       0.0363
    200000        1.0944       0.4338       0.8437        0.1170       0.0218       0.0967
    500000        5.0591       1.3117       2.2137        0.3156       0.0585       0.2835
   1000000        7.4679       1.5949       2.6440        0.4246       0.0647       0.3759

====================================================================================================
  碰撞条件（umap BadHash, Facility splitmix64）
====================================================================================================
         N         F-插入(us)        F-查询(us)        F-删除(us)     F-内存(MB)         U-插入(us)        U-查询(us)        U-删除(us)     U-内存(MB)
--------------------------------------------------------------------------------------------------------------------
      1000            657.2           189.4           464.6          0.0           1617.8          1327.6          1191.0          0.0
      5000           3216.0          1004.0          2260.2          0.2          29172.6         29625.8         29446.4          0.2
     10000           7656.0          2429.2          4622.2          0.0         120327.0        117712.4        124863.8          0.0
     20000          29911.2         11900.6         20885.6          1.0         996215.6       1068733.4       1065149.4          0.8
     50000          97249.0         38157.6         68243.2          1.4        6989847.4       6848431.4       6987279.8          0.2
    100000          93395.6         38702.4         74946.2          3.6       17312054.0      13246055.2      12895899.6          1.6

每元素耗时（us（每次操作））:
         N          F-插入         F-查询         F-删除          U-插入         U-查询         U-删除
--------------------------------------------------------------------------------
      1000        0.6572       0.1894       0.4646        1.6178       1.3276       1.1910
      5000        0.6432       0.2008       0.4520        5.8345       5.9252       5.8893
     10000        0.7656       0.2429       0.4622       12.0327      11.7712      12.4864
     20000        1.4956       0.5950       1.0443       49.8108      53.4367      53.2575
     50000        1.9450       0.7632       1.3649      139.7969     136.9686     139.7456
    100000        0.9340       0.3870       0.7495      173.1205     132.4606     128.9590
